1772183415007 0.0006650717703349283 0
1772183558812 0.0013053700159489634 1
1772183697659 0.0019192682615629983 2
1772183836927 0.0018812 3
1772183977791 0.0018416 4
1772184117576 0.001802 5
1772184256244 0.0017624 6
1772184395822 0.0017228 7
1772184530736 0.0016832000000000001 8
1772184666382 0.0016436000000000003 9
1772184802897 0.0016040000000000002 10
1772184939290 0.0015644 11
1772185076122 0.0015248 12
1772185206268 0.0014852 13
1772185331570 0.0014456 14
1772185460204 0.001406 15
1772185589530 0.0013663999999999998 16
1772185718911 0.0013267999999999997 17
1772185848222 0.0012872 18
1772185977294 0.0012476 19
1772186106567 0.001208 20
1772186234756 0.0011684000000000002 21
1772186363331 0.0011288000000000001 22
1772186492391 0.0010892000000000002 23
1772186620935 0.0010496000000000001 24
1772186748066 0.00101 25
1772186870784 0.0009704 26
1772186993474 0.0009308 27
1772187115979 0.0008911999999999999 28
1772187239314 0.0008516000000000001 29
1772187363249 0.0008120000000000001 30
1772187486522 0.0007724 31
1772187609663 0.0007328 32
1772187733009 0.0006931999999999999 33
1772187857034 0.0006536 34
1772187980047 0.0006140000000000001 35
1772188102597 0.0005744000000000001 36
1772188226280 0.0005348000000000001 37
1772188350245 0.0004952 38
1772188473441 0.00045559999999999996 39
1772188667211 0.0004159999999999999 40
1772188790589 0.00037640000000000015 41
1772188919600 0.0003368000000000001 42
1772189042314 0.0002972 43
1772189164647 0.00025760000000000003 44
1772189287841 0.00021799999999999996 45
1772189409902 0.00017839999999999992 46
1772189533079 0.0001388000000000001 47
1772189655673 9.920000000000008e-05 48
1772189778950 5.9600000000000046e-05 49
