1772183415007 0.87016 0
1772183558812 0.86778 1
1772183697659 0.85436 2
1772183836927 0.81691 3
1772183977791 0.79158 4
1772184117576 0.74201 5
1772184256244 0.72534 6
1772184395822 0.7045 7
1772184530736 0.69499 8
1772184666382 0.67755 9
1772184802897 0.6622 10
1772184939290 0.65513 11
1772185076122 0.64255 12
1772185206268 0.63768 13
1772185331570 0.62498 14
1772185460204 0.61605 15
1772185589530 0.61672 16
1772185718911 0.60314 17
1772185848222 0.58776 18
1772185977294 0.5921 19
1772186106567 0.57811 20
1772186234756 0.57345 21
1772186363331 0.56825 22
1772186492391 0.56827 23
1772186620935 0.55482 24
1772186748066 0.54955 25
1772186870784 0.54386 26
1772186993474 0.54299 27
1772187115979 0.53225 28
1772187239314 0.52988 29
1772187363249 0.51515 30
1772187486522 0.51819 31
1772187609663 0.51278 32
1772187733009 0.50764 33
1772187857034 0.50128 34
1772187980047 0.4973 35
1772188102597 0.4986 36
1772188226280 0.48857 37
1772188350245 0.48435 38
1772188473441 0.47781 39
1772188667211 0.42514 40
1772188790589 0.41857 41
1772188919600 0.40996 42
1772189042314 0.40287 43
1772189164647 0.39707 44
1772189287841 0.3926 45
1772189409902 0.38483 46
1772189533079 0.37922 47
1772189655673 0.37348 48
1772189778950 0.36767 49
