1772183415007 1.47854 0
1772183558812 0.8201 1
1772183697659 0.72114 2
1772183836927 0.64978 3
1772183977791 0.61333 4
1772184117576 0.57318 5
1772184256244 0.55077 6
1772184395822 0.53085 7
1772184530736 0.51411 8
1772184666382 0.49727 9
1772184802897 0.48085 10
1772184939290 0.48108 11
1772185076122 0.45961 12
1772185206268 0.45994 13
1772185331570 0.44495 14
1772185460204 0.44295 15
1772185589530 0.44396 16
1772185718911 0.42752 17
1772185848222 0.41449 18
1772185977294 0.4098 19
1772186106567 0.40884 20
1772186234756 0.39756 21
1772186363331 0.40013 22
1772186492391 0.39092 23
1772186620935 0.38811 24
1772186748066 0.38153 25
1772186870784 0.38096 26
1772186993474 0.37243 27
1772187115979 0.3627 28
1772187239314 0.36336 29
1772187363249 0.35695 30
1772187486522 0.35454 31
1772187609663 0.34814 32
1772187733009 0.33466 33
1772187857034 0.33594 34
1772187980047 0.3343 35
1772188102597 0.33538 36
1772188226280 0.32827 37
1772188350245 0.32202 38
1772188473441 0.31861 39
1772188667211 0.27684 40
1772188790589 0.26722 41
1772188919600 0.26066 42
1772189042314 0.25192 43
1772189164647 0.25244 44
1772189287841 0.24744 45
1772189409902 0.24231 46
1772189533079 0.23726 47
1772189655673 0.23354 48
1772189778950 0.22676 49
