1772183415007 0.99184 0
1772183558812 1.00184 1
1772183697659 1.00012 2
1772183836927 0.98864 3
1772183977791 0.97803 4
1772184117576 0.96006 5
1772184256244 0.95272 6
1772184395822 0.94685 7
1772184530736 0.94339 8
1772184666382 0.93519 9
1772184802897 0.92892 10
1772184939290 0.92932 11
1772185076122 0.92261 12
1772185206268 0.921 13
1772185331570 0.91721 14
1772185460204 0.9093 15
1772185589530 0.91444 16
1772185718911 0.91055 17
1772185848222 0.90665 18
1772185977294 0.90529 19
1772186106567 0.90375 20
1772186234756 0.90291 21
1772186363331 0.89995 22
1772186492391 0.89939 23
1772186620935 0.89582 24
1772186748066 0.89498 25
1772186870784 0.89101 26
1772186993474 0.88978 27
1772187115979 0.88517 28
1772187239314 0.88691 29
1772187363249 0.88265 30
1772187486522 0.8797 31
1772187609663 0.87916 32
1772187733009 0.87839 33
1772187857034 0.87798 34
1772187980047 0.87532 35
1772188102597 0.87961 36
1772188226280 0.87356 37
1772188350245 0.86987 38
1772188473441 0.87184 39
1772188667211 0.84158 40
1772188790589 0.84013 41
1772188919600 0.83656 42
1772189042314 0.83475 43
1772189164647 0.83294 44
1772189287841 0.8315 45
1772189409902 0.83106 46
1772189533079 0.82704 47
1772189655673 0.8256 48
1772189778950 0.82412 49
