1772183433806 0.74825 0
1772183575471 0.74352 1
1772183715011 0.74186 2
1772183854571 0.74905 3
1772183993859 0.79732 4
1772184133910 0.82491 5
1772184271877 0.82353 6
1772184411541 0.84557 7
1772184546144 0.84575 8
1772184681530 0.84309 9
1772184817936 0.84533 10
1772184954626 0.85668 11
1772185091391 0.84613 12
1772185221062 0.85966 13
1772185347639 0.8718 14
1772185476701 0.87019 15
1772185606156 0.87363 16
1772185735424 0.87277 17
1772185864836 0.8667 18
1772185993763 0.87218 19
1772186122704 0.87681 20
1772186251083 0.88924 21
1772186379818 0.87832 22
1772186508553 0.88514 23
1772186637254 0.88756 24
1772186762566 0.89618 25
1772186885679 0.89576 26
1772187008114 0.8969 27
1772187130755 0.90335 28
1772187254063 0.89531 29
1772187377924 0.90332 30
1772187501251 0.90181 31
1772187624368 0.90507 32
1772187747962 0.90151 33
1772187871571 0.9082 34
1772187994525 0.91174 35
1772188117403 0.91086 36
1772188241248 0.9106 37
1772188364860 0.9166 38
1772188488170 0.91348 39
1772188682598 0.91355 40
1772188811532 0.91965 41
1772188934400 0.91981 42
1772189056955 0.91861 43
1772189179470 0.92287 44
1772189301999 0.92664 45
1772189424509 0.92181 46
1772189547313 0.92556 47
1772189670216 0.92509 48
1772189793421 0.92757 49
1772189812448 0.9277982997532354 49
