1772183433806 0.92805 0
1772183575471 0.93309 1
1772183715011 0.9356 2
1772183854571 0.94932 3
1772183993859 0.95237 4
1772184133910 0.96254 5
1772184271877 0.95587 6
1772184411541 0.97114 7
1772184546144 0.96987 8
1772184681530 0.96795 9
1772184817936 0.97102 10
1772184954626 0.97455 11
1772185091391 0.97217 12
1772185221062 0.97189 13
1772185347639 0.97641 14
1772185476701 0.97517 15
1772185606156 0.97674 16
1772185735424 0.97745 17
1772185864836 0.97231 18
1772185993763 0.96936 19
1772186122704 0.97697 20
1772186251083 0.97803 21
1772186379818 0.97375 22
1772186508553 0.97679 23
1772186637254 0.97758 24
1772186762566 0.98036 25
1772186885679 0.97804 26
1772187008114 0.97886 27
1772187130755 0.97988 28
1772187254063 0.97717 29
1772187377924 0.97766 30
1772187501251 0.9799 31
1772187624368 0.97911 32
1772187747962 0.97914 33
1772187871571 0.97953 34
1772187994525 0.97942 35
1772188117403 0.98052 36
1772188241248 0.98054 37
1772188364860 0.98263 38
1772188488170 0.98257 39
1772188682598 0.98037 40
1772188811532 0.98242 41
1772188934400 0.98307 42
1772189056955 0.98271 43
1772189179470 0.98366 44
1772189301999 0.98317 45
1772189424509 0.98163 46
1772189547313 0.98218 47
1772189670216 0.98235 48
1772189793421 0.98258 49
1772189812448 0.9825867715328633 49
