1772183433806 0.91707 0
1772183575471 0.90957 1
1772183715011 0.89998 2
1772183854571 0.92029 3
1772183993859 0.90701 4
1772184133910 0.93594 5
1772184271877 0.94304 6
1772184411541 0.94867 7
1772184546144 0.94158 8
1772184681530 0.93336 9
1772184817936 0.94348 10
1772184954626 0.95352 11
1772185091391 0.95551 12
1772185221062 0.94457 13
1772185347639 0.95068 14
1772185476701 0.95067 15
1772185606156 0.94645 16
1772185735424 0.95209 17
1772185864836 0.93799 18
1772185993763 0.94533 19
1772186122704 0.95473 20
1772186251083 0.95672 21
1772186379818 0.93763 22
1772186508553 0.96035 23
1772186637254 0.96512 24
1772186762566 0.96398 25
1772186885679 0.95676 26
1772187008114 0.96188 27
1772187130755 0.9593 28
1772187254063 0.96196 29
1772187377924 0.95237 30
1772187501251 0.9515 31
1772187624368 0.95819 32
1772187747962 0.95122 33
1772187871571 0.95531 34
1772187994525 0.96971 35
1772188117403 0.96004 36
1772188241248 0.95207 37
1772188364860 0.96716 38
1772188488170 0.97219 39
1772188682598 0.96171 40
1772188811532 0.97049 41
1772188934400 0.9673 42
1772189056955 0.96658 43
1772189179470 0.96352 44
1772189301999 0.96934 45
1772189424509 0.97164 46
1772189547313 0.97176 47
1772189670216 0.96827 48
1772189793421 0.97385 49
1772189812448 0.9738510404820492 49
