1772183433806 0.86366 0
1772183575471 0.86649 1
1772183715011 0.88898 2
1772183854571 0.89987 3
1772183993859 0.91455 4
1772184133910 0.91188 5
1772184271877 0.8992 6
1772184411541 0.92523 7
1772184546144 0.93658 8
1772184681530 0.93495 9
1772184817936 0.93609 10
1772184954626 0.93114 11
1772185091391 0.92523 12
1772185221062 0.93284 13
1772185347639 0.93725 14
1772185476701 0.94326 15
1772185606156 0.94379 16
1772185735424 0.94993 17
1772185864836 0.92991 18
1772185993763 0.93505 19
1772186122704 0.94332 20
1772186251083 0.94446 21
1772186379818 0.94993 22
1772186508553 0.93791 23
1772186637254 0.94214 24
1772186762566 0.94682 25
1772186885679 0.94793 26
1772187008114 0.94341 27
1772187130755 0.94406 28
1772187254063 0.94545 29
1772187377924 0.94927 30
1772187501251 0.95604 31
1772187624368 0.94526 32
1772187747962 0.96061 33
1772187871571 0.956 34
1772187994525 0.94259 35
1772188117403 0.94626 36
1772188241248 0.9506 37
1772188364860 0.94354 38
1772188488170 0.93925 39
1772188682598 0.94393 40
1772188811532 0.94394 41
1772188934400 0.94792 42
1772189056955 0.94993 43
1772189179470 0.95201 44
1772189301999 0.94971 45
1772189424509 0.94059 46
1772189547313 0.94459 47
1772189670216 0.94593 48
1772189793421 0.94473 49
1772189812448 0.9447348550152288 49
